Grid search: 1 combinations x 10 sims each
  n_sigma:  [2.0]
  lambda2:  [1.5]
  Base:     output/experiment2
  Output:   output/grid6_*/
============================================================

============================================================
[1/1] n_sigma=2.0, lambda2=1.5
  Output: output/grid6_ns2.0_l21.5
============================================================
[INFO] Using device: mps
[INFO] Data shape: (2000, 95)
[INFO] RL train stocks: [60, 61, 62, 63, 64, 65, 66, 67, 68, 69, 70, 71, 72, 73, 74, 75, 76, 77, 78, 79]
[INFO] RL val stocks:   [80, 81, 82, 83, 84]
[INFO] Loaded transformer predictions from output/grid6_ns2.0_l21.5/checkpoints
[INFO] Normalization: mean=0.0000, std=0.0002
[INFO] Auto-loaded R²=0.5583 from transformer metrics
[INFO] Policy parameters: 4,677
[INFO] Env params: half_spread=0.0005, target_vol=0.02, R²=0.5583214163780212, n_sigma=2.0, tau=20, lambda2=1.5

 Iter    MeanRew    PolLoss      VLoss    Entropy         KL    EntCoef     LogStd     RewStd     Time
-------------------------------------------------------------------------------------------------------
    0    -1.1129    -0.0030     0.3424     1.8437     0.0044     0.0005    -0.4937       2.17     2.8s
    1    -0.4791    -0.0045     0.2643     1.8750     0.0040     0.0005    -0.4750       1.67     2.4s
    2    -0.2429    -0.0053     0.2217     1.9166     0.0051     0.0005    -0.4520       1.41     2.6s
    3    -0.1210    -0.0083     0.2657     1.9606     0.0055     0.0005    -0.4312       1.24     2.4s
    4    -0.0753    -0.0102     0.4015     1.9836     0.0061     0.0005    -0.4248       1.12     2.8s
    5    -0.0401    -0.0118     0.6346     1.9663     0.0050     0.0005    -0.4409       1.03     2.5s
    6    -0.0271    -0.0118     0.4931     1.9199     0.0060     0.0005    -0.4676       0.96     2.5s
    7    -0.0185    -0.0097     0.3862     1.8619     0.0055     0.0005    -0.4968       0.91     2.5s
    8    -0.0141    -0.0086     0.2015     1.8047     0.0050     0.0005    -0.5255       0.86     2.5s
    9    -0.0112    -0.0072     0.0744     1.7446     0.0051     0.0005    -0.5543       0.82     2.5s
   10    -0.0090    -0.0072     0.0479     1.6809     0.0045     0.0005    -0.5897       0.78     2.5s
   11    -0.0072    -0.0062     0.0369     1.6121     0.0057     0.0005    -0.6246       0.75     2.5s
   12    -0.0060    -0.0058     0.0278     1.5456     0.0061     0.0005    -0.6580       0.72     2.5s
   13    -0.0057    -0.0040     0.0351     1.4813     0.0054     0.0005    -0.6874       0.70     2.5s
   14    -0.0047    -0.0037     0.0387     1.4217     0.0039     0.0005    -0.7193       0.67     2.5s
   15    -0.0042    -0.0036     0.0313     1.3624     0.0036     0.0005    -0.7467       0.65     2.6s
   16    -0.0034    -0.0039     0.0377     1.3136     0.0051     0.0005    -0.7697       0.64     2.5s
   17    -0.0030    -0.0041     0.0416     1.2540     0.0043     0.0005    -0.8048       0.62     2.5s
   18    -0.0024    -0.0027     0.0519     1.2002     0.0041     0.0005    -0.8266       0.60     2.5s
   19    -0.0021    -0.0039     0.0441     1.1571     0.0051     0.0005    -0.8481       0.59     2.5s
   20    -0.0016    -0.0025     0.0309     1.1195     0.0047     0.0005    -0.8643       0.57     2.6s
   21    -0.0014    -0.0033     0.0423     1.0664     0.0035     0.0004    -0.8982       0.56     2.5s
   22    -0.0012    -0.0035     0.0343     1.0069     0.0052     0.0004    -0.9245       0.55     2.4s
   23    -0.0007    -0.0020     0.0266     0.9651     0.0040     0.0004    -0.9441       0.54     2.5s
   24    -0.0007    -0.0016     0.0250     0.9280     0.0038     0.0004    -0.9611       0.53     2.4s
   25    -0.0008    -0.0024     0.0317     0.9027     0.0051     0.0004    -0.9712       0.52     2.5s
   26    -0.0004    -0.0025     0.0163     0.8630     0.0036     0.0004    -0.9974       0.51     2.5s
   27    -0.0004    -0.0014     0.0130     0.8219     0.0034     0.0004    -1.0143       0.50     2.6s
   28    -0.0003    -0.0008     0.0098     0.7975     0.0035     0.0004    -1.0235       0.49     2.5s
   29    -0.0003    -0.0004     0.0098     0.7823     0.0024     0.0004    -1.0310       0.48     2.5s
   30    -0.0003    -0.0018     0.0080     0.7610     0.0038     0.0004    -1.0439       0.47     2.4s
   31    -0.0002    -0.0006     0.0080     0.7442     0.0025     0.0004    -1.0482       0.47     2.5s
   32    -0.0002    -0.0009     0.0069     0.7201     0.0023     0.0004    -1.0662       0.46     2.4s
   33    -0.0001    -0.0003     0.0030     0.6970     0.0038     0.0004    -1.0723       0.45     2.4s
   34    -0.0002    -0.0005     0.0067     0.6825     0.0035     0.0004    -1.0803       0.45     2.5s
   35    -0.0002     0.0003     0.0073     0.6606     0.0029     0.0004    -1.0936       0.44     2.4s
   36    -0.0001     0.0002     0.0059     0.6471     0.0025     0.0004    -1.0981       0.44     2.5s
   37    -0.0001    -0.0001     0.0052     0.6345     0.0027     0.0004    -1.1083       0.43     2.6s
   38    -0.0001    -0.0000     0.0033     0.6181     0.0029     0.0004    -1.1102       0.42     2.4s
   39    -0.0001     0.0004     0.0032     0.6112     0.0028     0.0004    -1.1153       0.42     2.5s
   40    -0.0001    -0.0010     0.0063     0.5975     0.0040     0.0004    -1.1246       0.41     2.6s
   41    -0.0001    -0.0003     0.0066     0.5811     0.0030     0.0004    -1.1316       0.41     2.4s
   42    -0.0001    -0.0008     0.0053     0.5641     0.0042     0.0004    -1.1402       0.40     2.5s
   43    -0.0000    -0.0008     0.0029     0.5479     0.0032     0.0004    -1.1479       0.40     2.5s
   44    -0.0000     0.0004     0.0016     0.5366     0.0025     0.0004    -1.1538       0.40     2.6s
   45    -0.0000     0.0002     0.0017     0.5388     0.0028     0.0004    -1.1460       0.39     2.5s
   46    -0.0001    -0.0002     0.0036     0.5491     0.0023     0.0004    -1.1429       0.39     2.5s
   47    -0.0001    -0.0009     0.0030     0.5403     0.0032     0.0004    -1.1559       0.38     2.5s
   48    -0.0001     0.0001     0.0029     0.5234     0.0023     0.0004    -1.1573       0.38     2.5s
   49    -0.0000     0.0002     0.0017     0.5188     0.0030     0.0004    -1.1609       0.38     2.6s
   50    -0.0001    -0.0002     0.0023     0.5168     0.0036     0.0004    -1.1594       0.37     2.5s
   51    -0.0001    -0.0003     0.0038     0.5078     0.0017     0.0004    -1.1682       0.37     2.5s
   52    -0.0001    -0.0012     0.0034     0.4826     0.0027     0.0004    -1.1841       0.36     2.5s
   53    -0.0000    -0.0001     0.0016     0.4594     0.0034     0.0004    -1.1934       0.36     2.6s
   54    -0.0000    -0.0004     0.0016     0.4380     0.0038     0.0004    -1.2053       0.36     2.5s
   55    -0.0000    -0.0005     0.0024     0.4130     0.0025     0.0004    -1.2172       0.35     2.5s
   56    -0.0000     0.0004     0.0024     0.3915     0.0024     0.0004    -1.2284       0.35     2.6s
   57    -0.0000     0.0000     0.0012     0.3678     0.0023     0.0004    -1.2391       0.35     2.5s
   58    -0.0000     0.0003     0.0013     0.3620     0.0025     0.0004    -1.2368       0.35     2.6s
   59    -0.0000     0.0002     0.0008     0.3618     0.0025     0.0004    -1.2405       0.34     2.5s
   60    -0.0000    -0.0000     0.0010     0.3597     0.0037     0.0004    -1.2391       0.34     2.6s
   61    -0.0000     0.0001     0.0007     0.3646     0.0026     0.0003    -1.2348       0.34     2.5s
   62    -0.0000    -0.0004     0.0009     0.3524     0.0031     0.0003    -1.2478       0.33     2.5s
   63    -0.0000     0.0007     0.0006     0.3410     0.0024     0.0003    -1.2508       0.33     2.5s
   64    -0.0000    -0.0001     0.0007     0.3395     0.0027     0.0003    -1.2481       0.33     2.5s
   65    -0.0000    -0.0003     0.0008     0.3417     0.0036     0.0003    -1.2475       0.33     2.6s
   66    -0.0000     0.0004     0.0008     0.3483     0.0027     0.0003    -1.2423       0.32     2.5s
   67    -0.0000    -0.0002     0.0013     0.3442     0.0022     0.0003    -1.2501       0.32     2.6s
   68    -0.0000     0.0000     0.0006     0.3403     0.0040     0.0003    -1.2480       0.32     2.6s
   69    -0.0000    -0.0010     0.0009     0.3512     0.0053     0.0003    -1.2386       0.32     2.6s
   70    -0.0000     0.0005     0.0007     0.3665     0.0026     0.0003    -1.2362       0.32     2.5s
   71    -0.0000    -0.0001     0.0007     0.3732     0.0035     0.0003    -1.2296       0.31     2.6s
   72    -0.0000    -0.0003     0.0009     0.3839     0.0034     0.0003    -1.2274       0.31     2.5s
   73    -0.0000    -0.0001     0.0009     0.3779     0.0020     0.0003    -1.2309       0.31     2.4s
   74    -0.0000    -0.0010     0.0030     0.3817     0.0033     0.0003    -1.2261       0.31     2.6s
   75    -0.0000    -0.0008     0.0017     0.3922     0.0040     0.0003    -1.2204       0.31     2.6s
   76    -0.0000    -0.0009     0.0019     0.3928     0.0031     0.0003    -1.2249       0.30     2.5s
   77    -0.0000    -0.0017     0.0008     0.4016     0.0054     0.0003    -1.2120       0.30     2.5s
   78    -0.0000     0.0002     0.0010     0.4036     0.0020     0.0003    -1.2207       0.30     2.6s
   79    -0.0000    -0.0004     0.0013     0.3800     0.0030     0.0003    -1.2336       0.30     2.5s
   80    -0.0000    -0.0013     0.0012     0.3751     0.0032     0.0003    -1.2317       0.30     2.6s
   81    -0.0000    -0.0002     0.0012     0.3589     0.0023     0.0003    -1.2460       0.29     2.5s
   82    -0.0000    -0.0001     0.0010     0.3420     0.0042     0.0003    -1.2492       0.29     2.5s
   83    -0.0000     0.0000     0.0014     0.3473     0.0039     0.0003    -1.2422       0.29     2.5s
   84    -0.0000     0.0004     0.0021     0.3533     0.0027     0.0003    -1.2424       0.29     2.4s
   85    -0.0000     0.0002     0.0012     0.3524     0.0024     0.0003    -1.2432       0.29     2.4s
   86    -0.0000    -0.0002     0.0009     0.3435     0.0034     0.0003    -1.2499       0.29     2.5s
   87    -0.0000    -0.0004     0.0013     0.3378     0.0032     0.0003    -1.2479       0.28     2.4s
   88    -0.0000    -0.0000     0.0022     0.3420     0.0033     0.0003    -1.2498       0.28     2.6s
   89    -0.0001    -0.0002     0.0026     0.3266     0.0027     0.0003    -1.2596       0.28     2.4s
   90    -0.0000     0.0003     0.0015     0.3189     0.0032     0.0003    -1.2601       0.28     2.6s
   91    -0.0000     0.0001     0.0007     0.3130     0.0026     0.0003    -1.2617       0.28     2.7s
   92    -0.0000    -0.0004     0.0005     0.3039     0.0029     0.0003    -1.2708       0.28     2.5s
   93    -0.0000    -0.0005     0.0029     0.2847     0.0032     0.0003    -1.2810       0.27     2.5s
   94    -0.0001     0.0000     0.0033     0.2784     0.0026     0.0003    -1.2769       0.27     2.4s
   95    -0.0000    -0.0006     0.0012     0.2756     0.0033     0.0003    -1.2840       0.27     2.6s
   96    -0.0000     0.0001     0.0018     0.2595     0.0028     0.0003    -1.2923       0.27     2.6s
   97    -0.0000    -0.0003     0.0006     0.2541     0.0031     0.0003    -1.2928       0.27     2.5s
   98    -0.0000    -0.0005     0.0011     0.2382     0.0028     0.0003    -1.3041       0.27     2.6s
   99    -0.0000    -0.0006     0.0020     0.2243     0.0031     0.0003    -1.3106       0.27     2.6s
  100    -0.0000     0.0003     0.0006     0.2124     0.0030     0.0003    -1.3149       0.26     2.6s
  101    -0.0000    -0.0007     0.0016     0.2022     0.0030     0.0003    -1.3198       0.26     2.6s
  102    -0.0000    -0.0003     0.0016     0.2012     0.0031     0.0002    -1.3181       0.26     2.6s
  103    -0.0000     0.0002     0.0005     0.1965     0.0032     0.0002    -1.3208       0.26     2.6s
  104    -0.0000    -0.0004     0.0006     0.1935     0.0030     0.0002    -1.3242       0.26     2.5s
  105    -0.0000    -0.0006     0.0012     0.1869     0.0030     0.0002    -1.3251       0.26     2.4s
  106    -0.0000     0.0003     0.0006     0.1726     0.0023     0.0002    -1.3384       0.26     2.6s
  107    -0.0000     0.0001     0.0007     0.1516     0.0029     0.0002    -1.3447       0.26     2.6s
  108    -0.0000     0.0001     0.0012     0.1488     0.0032     0.0002    -1.3434       0.26     2.5s
  109    -0.0000    -0.0009     0.0010     0.1619     0.0049     0.0002    -1.3327       0.25     2.6s
  110    -0.0000    -0.0005     0.0009     0.1721     0.0028     0.0002    -1.3351       0.25     2.5s
  111    -0.0000    -0.0010     0.0008     0.1587     0.0036     0.0002    -1.3433       0.25     2.5s
  112    -0.0000     0.0000     0.0010     0.1551     0.0027     0.0002    -1.3401       0.25     2.5s
  113    -0.0000    -0.0005     0.0006     0.1689     0.0039     0.0002    -1.3277       0.25     2.6s
  114    -0.0000    -0.0013     0.0020     0.1794     0.0025     0.0002    -1.3303       0.25     2.6s
  115    -0.0000    -0.0000     0.0008     0.1842     0.0030     0.0002    -1.3236       0.25     2.5s
  116    -0.0000     0.0001     0.0007     0.1977     0.0030     0.0002    -1.3195       0.25     2.5s
  117    -0.0000    -0.0014     0.0018     0.2141     0.0046     0.0002    -1.3063       0.25     2.6s
  118    -0.0000    -0.0003     0.0011     0.2278     0.0032     0.0002    -1.3039       0.24     2.5s
  119    -0.0000     0.0005     0.0007     0.2209     0.0030     0.0002    -1.3105       0.24     2.6s
  120    -0.0000     0.0004     0.0007     0.2129     0.0028     0.0002    -1.3167       0.24     2.5s
  121    -0.0000     0.0001     0.0008     0.2095     0.0019     0.0002    -1.3149       0.24     2.6s
  122    -0.0000    -0.0004     0.0006     0.2055     0.0030     0.0002    -1.3143       0.24     2.6s
  123    -0.0000    -0.0004     0.0010     0.2221     0.0030     0.0002    -1.3026       0.24     2.5s
  124    -0.0000     0.0001     0.0020     0.2260     0.0030     0.0002    -1.3077       0.24     2.6s
  125    -0.0000    -0.0011     0.0005     0.2247     0.0025     0.0002    -1.3052       0.24     2.4s
  126    -0.0000     0.0000     0.0009     0.2356     0.0025     0.0002    -1.3002       0.24     2.6s
  127    -0.0000    -0.0002     0.0007     0.2260     0.0036     0.0002    -1.3083       0.24     2.5s
  128    -0.0000    -0.0010     0.0008     0.2259     0.0041     0.0002    -1.3025       0.23     2.6s
  129    -0.0000    -0.0012     0.0010     0.2381     0.0039     0.0002    -1.2993       0.23     2.6s
  130    -0.0000    -0.0007     0.0010     0.2360     0.0032     0.0002    -1.3028       0.23     2.6s
  131    -0.0000    -0.0001     0.0009     0.2259     0.0027     0.0002    -1.3055       0.23     2.5s
  132    -0.0000    -0.0001     0.0007     0.2246     0.0029     0.0002    -1.3083       0.23     2.5s
  133    -0.0000    -0.0002     0.0006     0.2176     0.0029     0.0002    -1.3101       0.23     2.5s
  134    -0.0000    -0.0003     0.0005     0.2225     0.0030     0.0002    -1.3070       0.23     2.5s
  135    -0.0000     0.0003     0.0006     0.2273     0.0021     0.0002    -1.3040       0.23     2.6s
  136    -0.0000    -0.0007     0.0008     0.2322     0.0031     0.0002    -1.3019       0.23     2.5s
  137    -0.0000    -0.0002     0.0005     0.2318     0.0032     0.0002    -1.3018       0.23     2.5s
  138    -0.0000    -0.0004     0.0004     0.2390     0.0035     0.0002    -1.2989       0.23     2.4s
  139    -0.0000    -0.0007     0.0009     0.2245     0.0030     0.0002    -1.3104       0.23     2.5s
  140    -0.0000    -0.0004     0.0016     0.2057     0.0031     0.0002    -1.3221       0.22     2.6s
  141    -0.0000    -0.0004     0.0006     0.1765     0.0034     0.0002    -1.3370       0.22     2.6s
  142    -0.0000    -0.0005     0.0005     0.1595     0.0023     0.0002    -1.3388       0.22     2.5s
  143    -0.0000     0.0001     0.0005     0.1635     0.0028     0.0001    -1.3348       0.22     2.6s
  144    -0.0000    -0.0001     0.0008     0.1636     0.0038     0.0001    -1.3354       0.22     2.4s
  145    -0.0000    -0.0006     0.0009     0.1549     0.0031     0.0001    -1.3461       0.22     2.4s
  146    -0.0000    -0.0003     0.0004     0.1402     0.0035     0.0001    -1.3515       0.22     2.5s
  147    -0.0000     0.0000     0.0005     0.1454     0.0031     0.0001    -1.3437       0.22     2.6s
  148    -0.0000    -0.0007     0.0004     0.1420     0.0030     0.0001    -1.3520       0.22     2.5s
  149    -0.0000     0.0006     0.0004     0.1301     0.0020     0.0001    -1.3565       0.22     2.5s
  150    -0.0000     0.0004     0.0003     0.1319     0.0027     0.0001    -1.3492       0.22     2.6s
  151    -0.0000     0.0003     0.0005     0.1384     0.0024     0.0001    -1.3513       0.22     2.6s
  152    -0.0000     0.0003     0.0004     0.1458     0.0027     0.0001    -1.3403       0.22     2.6s
  153    -0.0000    -0.0004     0.0004     0.1700     0.0032     0.0001    -1.3290       0.21     2.5s
  154    -0.0000     0.0005     0.0006     0.1791     0.0026     0.0001    -1.3300       0.21     2.6s
  155    -0.0000    -0.0000     0.0004     0.1844     0.0033     0.0001    -1.3249       0.21     2.4s
  156    -0.0000    -0.0004     0.0004     0.1872     0.0026     0.0001    -1.3285       0.21     2.6s
  157    -0.0000    -0.0004     0.0005     0.1667     0.0028     0.0001    -1.3403       0.21     2.5s
  158    -0.0000    -0.0010     0.0003     0.1503     0.0030     0.0001    -1.3466       0.21     2.5s
  159    -0.0000    -0.0003     0.0004     0.1542     0.0040     0.0001    -1.3388       0.21     2.6s
  160    -0.0000     0.0002     0.0003     0.1600     0.0025     0.0001    -1.3402       0.21     2.5s
  161    -0.0000     0.0003     0.0004     0.1693     0.0033     0.0001    -1.3322       0.21     2.5s
  162    -0.0000    -0.0010     0.0004     0.1716     0.0050     0.0001    -1.3315       0.21     2.6s
  163    -0.0000    -0.0001     0.0004     0.1702     0.0032     0.0001    -1.3322       0.21     2.5s
  164    -0.0000    -0.0010     0.0006     0.1887     0.0040     0.0001    -1.3179       0.21     2.5s
  165    -0.0000    -0.0003     0.0009     0.2125     0.0043     0.0001    -1.3082       0.21     2.5s
  166    -0.0000    -0.0010     0.0003     0.2159     0.0032     0.0001    -1.3141       0.21     2.5s
  167    -0.0000    -0.0001     0.0008     0.2181     0.0022     0.0001    -1.3078       0.21     2.6s
  168    -0.0000    -0.0012     0.0004     0.2251     0.0031     0.0001    -1.3044       0.21     2.5s
  169    -0.0000    -0.0004     0.0004     0.2161     0.0030     0.0001    -1.3146       0.20     2.6s
  170    -0.0000    -0.0011     0.0006     0.2182     0.0037     0.0001    -1.3072       0.20     2.4s
  171    -0.0000    -0.0000     0.0003     0.2185     0.0025     0.0001    -1.3093       0.20     2.3s
  172    -0.0000     0.0001     0.0003     0.2215     0.0022     0.0001    -1.3069       0.20     2.3s
  173    -0.0000    -0.0000     0.0003     0.2284     0.0024     0.0001    -1.3034       0.20     2.4s
  174    -0.0000    -0.0007     0.0003     0.2157     0.0014     0.0001    -1.3152       0.20     2.3s
  175    -0.0000    -0.0004     0.0004     0.1967     0.0030     0.0001    -1.3237       0.20     2.4s
  176    -0.0000    -0.0002     0.0003     0.1853     0.0028     0.0001    -1.3273       0.20     2.3s
  177    -0.0000    -0.0014     0.0003     0.1831     0.0040     0.0001    -1.3263       0.20     2.4s
  178    -0.0000    -0.0002     0.0003     0.1869     0.0029     0.0001    -1.3245       0.20     2.4s
  179    -0.0000    -0.0009     0.0004     0.1882     0.0033     0.0001    -1.3235       0.20     2.3s
  180    -0.0000    -0.0003     0.0003     0.1889     0.0025     0.0001    -1.3250       0.20     2.4s
  181    -0.0000    -0.0003     0.0003     0.1756     0.0030     0.0001    -1.3327       0.20     2.2s
  182    -0.0000    -0.0004     0.0005     0.1765     0.0039     0.0001    -1.3285       0.20     2.3s
  183    -0.0000    -0.0002     0.0004     0.1858     0.0028     0.0000    -1.3245       0.20     2.3s
  184    -0.0000    -0.0006     0.0004     0.1917     0.0034     0.0000    -1.3243       0.20     2.4s
  185    -0.0000    -0.0005     0.0003     0.1923     0.0029     0.0000    -1.3203       0.20     2.3s
  186    -0.0000    -0.0006     0.0006     0.2009     0.0025     0.0000    -1.3182       0.20     2.3s
  187    -0.0000     0.0002     0.0003     0.2033     0.0021     0.0000    -1.3180       0.19     2.4s
  188    -0.0000     0.0002     0.0003     0.2111     0.0024     0.0000    -1.3103       0.19     2.3s
  189    -0.0000    -0.0005     0.0004     0.2247     0.0034     0.0000    -1.3025       0.19     2.5s
  190     0.0000     0.0003     0.0004     0.2333     0.0026     0.0000    -1.3025       0.19     2.6s
  191    -0.0000     0.0002     0.0003     0.2306     0.0030     0.0000    -1.3056       0.19     2.4s
  192    -0.0000     0.0000     0.0004     0.2281     0.0029     0.0000    -1.3036       0.19     2.3s
  193    -0.0000    -0.0009     0.0005     0.2452     0.0037     0.0000    -1.2903       0.19     2.6s
  194    -0.0000    -0.0004     0.0003     0.2695     0.0028     0.0000    -1.2797       0.19     3.1s
  195    -0.0000    -0.0013     0.0004     0.2899     0.0040     0.0000    -1.2707       0.19     2.9s
  196    -0.0000    -0.0003     0.0003     0.3023     0.0027     0.0000    -1.2652       0.19     3.0s
  197    -0.0000    -0.0011     0.0003     0.3257     0.0036     0.0000    -1.2491       0.19     3.0s
  198    -0.0000    -0.0005     0.0002     0.3406     0.0035     0.0000    -1.2492       0.19     2.8s
  199    -0.0000    -0.0004     0.0005     0.3265     0.0030     0.0000    -1.2608       0.19     3.0s

[INFO] Training complete in 503.9s
[INFO] Best mean reward: 0.0000
[INFO] Saved to output/grid6_ns2.0_l21.5/checkpoints_rl/
[INFO] Experiment: output/grid6_ns2.0_l21.5
[INFO] Simulation seed: 1042
[INFO] Generated 2000 timesteps, SNR=1.00
[INFO] Transformer predictions generated
[INFO] Loaded policy from output/grid6_ns2.0_l21.5/checkpoints_rl/best_policy.pt
[INFO] Loaded obs normalizer from output/grid6_ns2.0_l21.5/checkpoints_rl/best_normalizer.npz

[INFO] Simulation complete:
  Steps:      1999
  Fills:      381B / 379S
  Total PnL:  -0.9989
  Total Rew:  -908361.9220
  Avg |Pos|:  0.87

Saved: output/grid6_ns2.0_l21.5/checkpoints_rl/sim_results_1042.json
  sim 1/10: seed=1042  PnL=-0.9989  Fills=760  Avg|Pos|=0.87
[INFO] Experiment: output/grid6_ns2.0_l21.5
[INFO] Simulation seed: 1043
[INFO] Generated 2000 timesteps, SNR=1.00
[INFO] Transformer predictions generated
[INFO] Loaded policy from output/grid6_ns2.0_l21.5/checkpoints_rl/best_policy.pt
[INFO] Loaded obs normalizer from output/grid6_ns2.0_l21.5/checkpoints_rl/best_normalizer.npz

[INFO] Simulation complete:
  Steps:      1999
  Fills:      54B / 53S
  Total PnL:  -0.1632
  Total Rew:  -106248.3694
  Avg |Pos|:  0.20

Saved: output/grid6_ns2.0_l21.5/checkpoints_rl/sim_results_1043.json
  sim 2/10: seed=1043  PnL=-0.1632  Fills=107  Avg|Pos|=0.20
[INFO] Experiment: output/grid6_ns2.0_l21.5
[INFO] Simulation seed: 1044
[INFO] Generated 2000 timesteps, SNR=1.00
[INFO] Transformer predictions generated
[INFO] Loaded policy from output/grid6_ns2.0_l21.5/checkpoints_rl/best_policy.pt
[INFO] Loaded obs normalizer from output/grid6_ns2.0_l21.5/checkpoints_rl/best_normalizer.npz

[INFO] Simulation complete:
  Steps:      1999
  Fills:      94B / 94S
  Total PnL:  -0.2833
  Total Rew:  -271671.7540
  Avg |Pos|:  0.32

Saved: output/grid6_ns2.0_l21.5/checkpoints_rl/sim_results_1044.json
  sim 3/10: seed=1044  PnL=-0.2833  Fills=188  Avg|Pos|=0.32
[INFO] Experiment: output/grid6_ns2.0_l21.5
[INFO] Simulation seed: 1045
[INFO] Generated 2000 timesteps, SNR=1.00
[INFO] Transformer predictions generated
[INFO] Loaded policy from output/grid6_ns2.0_l21.5/checkpoints_rl/best_policy.pt
[INFO] Loaded obs normalizer from output/grid6_ns2.0_l21.5/checkpoints_rl/best_normalizer.npz

[INFO] Simulation complete:
  Steps:      1999
  Fills:      154B / 152S
  Total PnL:  -0.6816
  Total Rew:  -478198.9395
  Avg |Pos|:  0.71

Saved: output/grid6_ns2.0_l21.5/checkpoints_rl/sim_results_1045.json
  sim 4/10: seed=1045  PnL=-0.6816  Fills=306  Avg|Pos|=0.71
[INFO] Experiment: output/grid6_ns2.0_l21.5
[INFO] Simulation seed: 1046
[INFO] Generated 2000 timesteps, SNR=1.00
[INFO] Transformer predictions generated
[INFO] Loaded policy from output/grid6_ns2.0_l21.5/checkpoints_rl/best_policy.pt
[INFO] Loaded obs normalizer from output/grid6_ns2.0_l21.5/checkpoints_rl/best_normalizer.npz

[INFO] Simulation complete:
  Steps:      1999
  Fills:      78B / 77S
  Total PnL:  -0.2385
  Total Rew:  -179940.9359
  Avg |Pos|:  0.29

Saved: output/grid6_ns2.0_l21.5/checkpoints_rl/sim_results_1046.json
  sim 5/10: seed=1046  PnL=-0.2385  Fills=155  Avg|Pos|=0.29
[INFO] Experiment: output/grid6_ns2.0_l21.5
[INFO] Simulation seed: 1047
[INFO] Generated 2000 timesteps, SNR=1.00
[INFO] Transformer predictions generated
[INFO] Loaded policy from output/grid6_ns2.0_l21.5/checkpoints_rl/best_policy.pt
[INFO] Loaded obs normalizer from output/grid6_ns2.0_l21.5/checkpoints_rl/best_normalizer.npz

[INFO] Simulation complete:
  Steps:      1999
  Fills:      92B / 89S
  Total PnL:  -0.3883
  Total Rew:  -666648.7929
  Avg |Pos|:  0.35

Saved: output/grid6_ns2.0_l21.5/checkpoints_rl/sim_results_1047.json
  sim 6/10: seed=1047  PnL=-0.3883  Fills=181  Avg|Pos|=0.35
[INFO] Experiment: output/grid6_ns2.0_l21.5
[INFO] Simulation seed: 1048
[INFO] Generated 2000 timesteps, SNR=1.00
[INFO] Transformer predictions generated
[INFO] Loaded policy from output/grid6_ns2.0_l21.5/checkpoints_rl/best_policy.pt
[INFO] Loaded obs normalizer from output/grid6_ns2.0_l21.5/checkpoints_rl/best_normalizer.npz

[INFO] Simulation complete:
  Steps:      1999
  Fills:      288B / 287S
  Total PnL:  -0.6952
  Total Rew:  -234277.0836
  Avg |Pos|:  0.71

Saved: output/grid6_ns2.0_l21.5/checkpoints_rl/sim_results_1048.json
  sim 7/10: seed=1048  PnL=-0.6952  Fills=575  Avg|Pos|=0.71
[INFO] Experiment: output/grid6_ns2.0_l21.5
[INFO] Simulation seed: 1049
[INFO] Generated 2000 timesteps, SNR=1.00
[INFO] Transformer predictions generated
[INFO] Loaded policy from output/grid6_ns2.0_l21.5/checkpoints_rl/best_policy.pt
[INFO] Loaded obs normalizer from output/grid6_ns2.0_l21.5/checkpoints_rl/best_normalizer.npz

[INFO] Simulation complete:
  Steps:      1999
  Fills:      120B / 118S
  Total PnL:  -0.4603
  Total Rew:  -429301.0268
  Avg |Pos|:  0.40

Saved: output/grid6_ns2.0_l21.5/checkpoints_rl/sim_results_1049.json
  sim 8/10: seed=1049  PnL=-0.4603  Fills=238  Avg|Pos|=0.40
[INFO] Experiment: output/grid6_ns2.0_l21.5
[INFO] Simulation seed: 1050
[INFO] Generated 2000 timesteps, SNR=1.00
[INFO] Transformer predictions generated
[INFO] Loaded policy from output/grid6_ns2.0_l21.5/checkpoints_rl/best_policy.pt
[INFO] Loaded obs normalizer from output/grid6_ns2.0_l21.5/checkpoints_rl/best_normalizer.npz

[INFO] Simulation complete:
  Steps:      1999
  Fills:      39B / 38S
  Total PnL:  -0.1714
  Total Rew:  -116422.1460
  Avg |Pos|:  0.22

Saved: output/grid6_ns2.0_l21.5/checkpoints_rl/sim_results_1050.json
  sim 9/10: seed=1050  PnL=-0.1714  Fills=77  Avg|Pos|=0.22
[INFO] Experiment: output/grid6_ns2.0_l21.5
[INFO] Simulation seed: 1051
[INFO] Generated 2000 timesteps, SNR=1.00
[INFO] Transformer predictions generated
[INFO] Loaded policy from output/grid6_ns2.0_l21.5/checkpoints_rl/best_policy.pt
[INFO] Loaded obs normalizer from output/grid6_ns2.0_l21.5/checkpoints_rl/best_normalizer.npz

[INFO] Simulation complete:
  Steps:      1999
  Fills:      104B / 102S
  Total PnL:  -0.2878
  Total Rew:  -189210.0476
  Avg |Pos|:  0.37

Saved: output/grid6_ns2.0_l21.5/checkpoints_rl/sim_results_1051.json
  sim 10/10: seed=1051  PnL=-0.2878  Fills=206  Avg|Pos|=0.37
  Summary: PnL=-0.4368 +/- 0.2600  Avg|Pos|=0.45  Fills=279
[DONE] grid6_ns2.0_l21.5 in 589.5s

============================================================
Grid search complete in 589.5s
Results in: output/grid6_*/
============================================================
